dx = 10.5; %mm
dy = 10.5; %mm
nCx = 11;
nCy = 8;
nx = 1280;
ny = 960;
n_img = 15;
